$SPEC_ID:
No sample description was entered.
$SPEC_REM:
DET# 1
DETDESC# PHY-A560643 Easy-MCA-2k SN 22119039
AP# Maestro Version 7.01
$DATE_MEA:
08/07/2023 11:03:38
$MEAS_TIM:
1795 1821
$DATA:
0 2047
       0
       0
       0
       0
       0
       0
       0
       0
       0
       0
       0
       0
       0
       0
       0
       0
       0
       2
       3
       4
       2
       4
       4
       6
       5
       1
       5
       4
       7
       5
       5
       3
       9
      12
      13
       9
      19
      20
      23
      14
      13
      19
      18
      24
      35
      34
      30
      53
     525
   10653
   13104
   14010
   15324
   16748
   18397
   20366
   22194
   24035
   26371
   28702
   30934
   33070
   35376
   37744
   40044
   41649
   43444
   45030
   46193
   46821
   47719
   47232
   46964
   46662
   45684
   45133
   43252
   41614
   39201
   37218
   34818
   32898
   30248
   27404
   25255
   22851
   20476
   18121
   16519
   14707
   12834
   11689
   10393
    9156
    8237
    7469
    6690
    6257
    5884
    5384
    5312
    4985
    4931
    4750
    4742
    4758
    4719
    4775
    4778
    4830
    4837
    4984
    5017
    4996
    5072
    5002
    5213
    5247
    5243
    5365
    5381
    5510
    5634
    5764
    5814
    5910
    5891
    6172
    6233
    6370
    6527
    6655
    6701
    6597
    6938
    7013
    7026
    7134
    7150
    7193
    7258
    7264
    7216
    7187
    7129
    6977
    7127
    6782
    6699
    6573
    6339
    6333
    6194
    6021
    5922
    5661
    5523
    5407
    5429
    5219
    5076
    5016
    4717
    4771
    4622
    4557
    4495
    4415
    4311
    4373
    4326
    4224
    4195
    4245
    4239
    4172
    4100
    4116
    4036
    4122
    4017
    4116
    4116
    4144
    4003
    4141
    4124
    3983
    4090
    4173
    4119
    3986
    3948
    4112
    4105
    4061
    3956
    4043
    3986
    4046
    3981
    4035
    3842
    3995
    3985
    3988
    3863
    3866
    3864
    3914
    3921
    3861
    3787
    3739
    3814
    3839
    3825
    3928
    3770
    3831
    3717
    3741
    3707
    3582
    3669
    3588
    3785
    3613
    3750
    3670
    3536
    3582
    3701
    3630
    3653
    3502
    3537
    3638
    3521
    3587
    3579
    3506
    3606
    3462
    3379
    3443
    3413
    3610
    3471
    3495
    3423
    3506
    3440
    3456
    3439
    3428
    3449
    3378
    3409
    3451
    3444
    3333
    3458
    3328
    3298
    3369
    3408
    3328
    3353
    3320
    3293
    3254
    3293
    3343
    3156
    3214
    3198
    3241
    3136
    3244
    3157
    3236
    3108
    3033
    3138
    2999
    2983
    2986
    2970
    2890
    2965
    2989
    2855
    2919
    2870
    2807
    2863
    2705
    2808
    2673
    2622
    2555
    2568
    2621
    2501
    2456
    2552
    2443
    2497
    2444
    2358
    2375
    2312
    2302
    2224
    2317
    2207
    2207
    2095
    2123
    2112
    2173
    2109
    2009
    1971
    2076
    2111
    1911
    2001
    2043
    1967
    1897
    1879
    1991
    1938
    1880
    1846
    1851
    1874
    1913
    1908
    1857
    1789
    1796
    1789
    1848
    1752
    1795
    1785
    1814
    1753
    1783
    1736
    1787
    1687
    1737
    1762
    1770
    1822
    1811
    1664
    1766
    1718
    1705
    1742
    1804
    1686
    1725
    1815
    1913
    1727
    1667
    1739
    1892
    1739
    1861
    1914
    1841
    1861
    1954
    1915
    1954
    2009
    2103
    2091
    2149
    2180
    2267
    2301
    2367
    2491
    2530
    2671
    2684
    2862
    2935
    2975
    3241
    3447
    3627
    3738
    3878
    4094
    4350
    4554
    4775
    4935
    5366
    5588
    5733
    6198
    6327
    6695
    7189
    7339
    7780
    7947
    8380
    8571
    9142
    9470
    9988
   10420
   10628
   11172
   11313
   12008
   12413
   12718
   12971
   13607
   13687
   14114
   14407
   14738
   15036
   15383
   15761
   15959
   16300
   16318
   16471
   16438
   16617
   16940
   16969
   16877
   17141
   16646
   16808
   16740
   16511
   16426
   16120
   16108
   15978
   15340
   15449
   15149
   14974
   14606
   14070
   13787
   13495
   12806
   12570
   12293
   11866
   11577
   11043
   10705
   10381
    9762
    9358
    8905
    8584
    8049
    7807
    7472
    7074
    6729
    6382
    6061
    5803
    5435
    5130
    4848
    4472
    4412
    4079
    3862
    3663
    3510
    3241
    3169
    2933
    2847
    2530
    2531
    2429
    2337
    2212
    2132
    1945
    1862
    1851
    1822
    1706
    1632
    1547
    1543
    1470
    1467
    1417
    1435
    1304
    1345
    1355
    1254
    1278
    1197
    1209
    1214
    1154
    1199
    1145
    1186
    1088
    1134
    1062
    1109
    1116
    1122
    1143
    1123
    1062
    1153
    1124
    1084
    1079
    1111
    1069
    1067
    1106
    1101
    1048
    1015
    1103
    1043
     982
    1106
    1032
    1092
    1039
    1044
    1034
    1039
    1040
    1041
    1037
    1019
    1068
    1054
    1077
    1038
    1009
    1072
    1072
    1005
    1120
    1081
    1037
    1073
    1074
    1002
     995
    1076
    1083
    1034
    1064
    1063
    1105
    1084
    1050
    1084
    1061
    1052
    1018
    1069
    1021
    1101
    1079
    1078
    1070
    1066
    1113
    1077
    1104
    1097
    1104
    1130
    1090
    1137
    1098
    1081
    1024
    1143
    1138
    1165
    1146
    1119
    1109
    1109
    1124
    1085
    1082
    1161
    1086
    1145
    1127
    1037
    1142
    1108
    1096
    1108
    1161
    1073
    1038
    1097
    1120
    1080
    1146
    1101
    1077
    1114
    1111
    1144
    1102
    1063
    1106
    1071
    1119
    1149
    1080
    1090
    1083
    1093
    1056
    1070
    1086
    1087
    1041
    1036
     997
    1083
    1070
     997
    1076
    1042
    1024
    1047
    1004
    1042
    1058
    1091
    1073
     984
     978
    1048
    1011
     984
    1039
    1033
    1020
     958
    1059
    1022
    1019
    1017
     982
    1003
     895
    1004
     937
     998
     985
     958
    1005
     965
    1038
     993
     969
     952
    1007
    1053
     977
     996
     994
    1010
     962
     957
     996
    1007
    1012
     967
     949
     973
     954
     959
     966
     943
     922
     979
     945
     949
     899
     964
     988
     938
     952
     919
     981
     960
     997
     917
     943
     979
     976
     961
     911
     921
     949
     997
     889
     924
     913
     950
     935
     923
     984
     952
     942
     933
     891
     922
     902
     901
     892
     876
     932
     972
     859
     902
     920
     898
     933
     925
     922
     954
     888
     906
     939
     916
     859
     951
     894
     891
     859
     840
     865
     890
     898
     890
     843
     894
     880
     877
     888
     859
     847
     821
     869
     879
     888
     802
     834
     844
     817
     848
     874
     855
     837
     829
     798
     801
     802
     791
     802
     811
     794
     764
     709
     815
     756
     749
     746
     780
     708
     774
     698
     743
     725
     780
     681
     708
     710
     727
     693
     704
     700
     669
     695
     693
     617
     714
     655
     660
     648
     628
     615
     632
     646
     678
     618
     613
     702
     608
     644
     624
     645
     594
     662
     573
     556
     592
     583
     623
     541
     562
     563
     589
     567
     598
     629
     579
     572
     597
     610
     601
     570
     586
     624
     579
     582
     592
     551
     578
     574
     624
     584
     603
     609
     593
     596
     633
     594
     615
     597
     609
     663
     592
     662
     656
     628
     662
     650
     673
     639
     679
     706
     701
     719
     698
     721
     766
     758
     795
     785
     784
     792
     809
     833
     767
     837
     866
     904
     842
     933
     928
     975
    1011
    1018
    1052
    1040
    1092
    1106
    1089
    1147
    1149
    1179
    1196
    1266
    1237
    1312
    1317
    1345
    1410
    1422
    1425
    1482
    1491
    1555
    1557
    1507
    1638
    1645
    1754
    1757
    1771
    1845
    1839
    1879
    1871
    2045
    2058
    2050
    2108
    2092
    2172
    2166
    2153
    2192
    2343
    2330
    2275
    2317
    2475
    2364
    2491
    2432
    2529
    2561
    2591
    2523
    2580
    2579
    2663
    2695
    2744
    2799
    2820
    2764
    2839
    2794
    2767
    2839
    2795
    2858
    2973
    2946
    2959
    3008
    2933
    2860
    2923
    2876
    2873
    2960
    2842
    2758
    2799
    2813
    2779
    2816
    2743
    2720
    2773
    2759
    2641
    2640
    2719
    2566
    2645
    2567
    2594
    2510
    2475
    2453
    2359
    2420
    2242
    2268
    2242
    2211
    2149
    2116
    2096
    1987
    1978
    1975
    1930
    1855
    1916
    1847
    1829
    1768
    1752
    1649
    1706
    1521
    1551
    1567
    1465
    1498
    1414
    1389
    1325
    1281
    1287
    1262
    1217
    1171
    1134
    1136
    1118
    1054
    1050
    1045
     951
    1041
     969
     908
     882
     873
     806
     835
     854
     849
     752
     758
     790
     701
     693
     684
     702
     663
     723
     621
     653
     662
     655
     594
     570
     587
     594
     553
     601
     567
     556
     560
     604
     533
     561
     517
     526
     524
     527
     504
     535
     558
     516
     478
     532
     480
     477
     457
     510
     495
     540
     507
     489
     467
     447
     531
     498
     507
     490
     494
     506
     495
     485
     474
     467
     458
     502
     524
     515
     504
     471
     482
     478
     490
     474
     496
     468
     487
     500
     479
     486
     498
     497
     437
     491
     504
     520
     488
     478
     492
     514
     452
     495
     479
     509
     530
     509
     484
     512
     502
     488
     518
     487
     523
     539
     532
     530
     560
     492
     496
     493
     522
     567
     509
     507
     484
     487
     524
     511
     511
     525
     526
     511
     506
     568
     509
     528
     519
     551
     533
     544
     551
     546
     542
     546
     547
     552
     511
     566
     526
     570
     529
     553
     529
     560
     556
     598
     564
     558
     522
     557
     551
     521
     554
     586
     534
     555
     538
     558
     512
     536
     545
     538
     582
     566
     578
     594
     550
     561
     511
     563
     577
     560
     593
     530
     540
     587
     484
     535
     550
     527
     588
     572
     535
     499
     584
     566
     544
     517
     515
     499
     565
     560
     484
     506
     497
     468
     469
     499
     487
     527
     517
     441
     453
     507
     499
     483
     487
     464
     457
     472
     490
     447
     442
     423
     451
     457
     436
     433
     447
     409
     404
     412
     408
     417
     361
     369
     356
     383
     362
     397
     385
     361
     367
     379
     313
     344
     328
     335
     373
     301
     349
     307
     314
     344
     311
     320
     296
     315
     299
     265
     283
     270
     291
     282
     272
     325
     281
     262
     268
     264
     273
     273
     252
     260
     250
     219
     272
     261
     246
     251
     229
     215
     237
     251
     273
     263
     240
     264
     237
     233
     259
     273
     255
     218
     230
     224
     264
     246
     259
     288
     252
     266
     264
     274
     255
     244
     240
     280
     274
     307
     309
     341
     327
     338
     285
     371
     296
     349
     323
     330
     334
     334
     370
     330
     373
     388
     370
     416
     428
     389
     387
     442
     443
     426
     478
     450
     526
     485
     484
     500
     470
     459
     532
     542
     569
     590
     569
     538
     596
     633
     588
     631
     635
     664
     670
     625
     618
     623
     616
     691
     683
     672
     732
     689
     722
     686
     755
     739
     766
     753
     829
     782
     835
     784
     808
     805
     810
     830
     844
     871
     865
     862
     869
     866
     893
     799
     871
     865
     886
     889
     856
     887
     905
     892
     855
     814
     918
     896
     861
     865
     835
     838
     814
     841
     780
     841
     812
     821
     790
     799
     810
     789
     738
     752
     782
     749
     722
     718
     665
     706
     683
     704
     660
     656
     687
     687
     636
     613
     606
     619
     581
     588
     598
     541
     523
     554
     549
     536
     473
     489
     518
     475
     481
     450
     422
     422
     419
     423
     404
     395
     390
     361
     352
     336
     334
     356
     333
     329
     303
     317
     303
     282
     247
     246
     246
     231
     213
     223
     204
     208
     250
     213
     167
     200
     212
     157
     180
     151
     152
     155
     150
     160
     128
     129
     122
     137
     114
     137
     136
     108
     103
      91
     112
     105
     104
     101
      98
     101
     110
      79
      87
      76
      74
      80
      79
      73
      66
      83
      63
      61
      60
      56
      63
      56
      69
      54
      53
      61
      52
      44
      59
      52
      49
      49
      49
      63
      47
      48
      49
      50
      33
      37
      37
      40
      35
      41
      32
      43
      48
      45
      59
      34
      40
      40
      27
      52
      50
      42
      39
      40
      30
      41
      36
      43
      27
      43
      37
      42
      45
      35
      40
      27
      42
      42
      36
      44
      37
      32
      49
      33
      31
      35
      39
      32
      36
      35
      41
      33
      36
      43
      26
      35
      33
      45
      35
      43
      33
      32
      29
      32
      35
      27
      33
      39
      33
      26
      38
      41
      39
      30
      36
      31
      31
      30
      20
      34
      37
      27
      26
      34
      30
      34
      30
      23
      22
      27
      28
      24
      30
      29
      27
      17
      27
      34
      24
      26
      27
      30
      22
      20
      33
      36
      31
      26
      34
      34
      33
      25
      24
      32
      30
      22
      24
      27
      26
      27
      27
      21
      26
      23
      36
      37
      24
      28
      21
      27
      22
      17
      38
      26
      39
      18
      26
      22
      16
      32
      26
      31
      24
      18
      26
      24
      32
      33
      31
      18
      31
      30
      19
      22
      30
      21
      26
      17
      15
      23
      24
      23
      27
      26
      28
      22
      27
      24
      23
      30
      30
      37
      17
      27
      23
      19
      33
      18
      14
      30
      26
      26
      21
      24
      29
      30
      34
      32
      29
      26
      22
      29
      21
      27
      24
      26
      26
      28
      24
      20
      22
      23
      28
      30
      37
      38
      23
      26
      25
      23
      30
      38
      26
      22
      23
      33
      22
      23
      27
      31
      23
      32
      20
      21
      19
      24
      24
      21
      28
      35
      30
      22
      20
      24
      27
      22
      25
      23
      23
      18
      20
      29
      30
      20
      31
      16
      17
      20
      28
      26
      30
      28
      25
      24
      24
      23
      19
      33
      26
      22
      34
      23
      24
      23
      20
      21
      19
      21
      31
      22
      25
      22
      21
      23
      22
      22
      33
      22
      22
      17
      16
      30
      11
      30
      25
      23
      16
      23
      27
      14
      23
      20
      21
      15
      27
      14
      35
      15
      16
      22
      22
      19
      24
      15
      17
      20
      16
      21
      26
      17
      22
      27
      13
      17
      17
      18
      22
      21
      12
      10
      20
      22
      19
      16
      15
      20
      20
      17
      20
      17
      25
      16
      18
      17
      16
      17
      15
      18
      16
      18
      23
      18
      17
      16
      17
      14
      15
      14
      15
      21
      20
      13
       7
      20
      14
      13
      25
      13
      17
      15
      19
      19
      16
      15
      13
      15
       8
      14
      15
      19
      13
      31
      11
      16
      16
      15
      12
      17
      17
      15
      13
      16
      17
      19
      11
      22
      15
      19
      11
      19
      16
      20
      15
      13
      18
      12
      18
      11
      10
       6
      20
      17
      15
      18
      17
      21
      23
      14
       6
       9
      12
      10
      14
      11
      14
       9
      12
      16
       5
       1
       0
       0
       0
       0
       0
       0
       0
       0
       0
       0
       0
       0
       0
       0
       0
       0
       0
       0
       0
       0
       0
       0
       0
       0
       0
       0
       0
       0
       0
       0
       0
       0
       0
       0
       0
       0
       0
       0
       0
       0
       0
       0
       0
       0
       0
       0
       0
       0
       0
       0
       0
       0
       0
       0
       0
       0
       0
       0
       0
       0
       0
       0
       0
$ROI:
1
382 547
$PRESETS:
None
0
0
$ENER_FIT:
0.000000 0.000000
$MCA_CAL:
3
0.000000E+000 0.000000E+000 0.000000E+000 
$SHAPE_CAL:
3
0.000000E+000 0.000000E+000 0.000000E+000
